# Created by Octave 4.2.2, Tue Apr 24 16:09:15 2018 -03 <dev@Ubuntu-DevMachine>
# name: A
# type: matrix
# rows: 10
# columns: 10
 4 -1 0 -1 0 0 0 0 0 0
 -1 4 -1 0 -1 0 0 0 0 0
 0 -1 4 -1 0 -1 0 0 0 0
 -1 0 -1 4 -1 0 -1 0 0 0
 0 -1 0 -1 4 -1 0 -1 0 0
 0 0 -1 0 -1 4 -1 0 -1 0
 0 0 0 -1 0 -1 4 -1 0 -1
 0 0 0 0 -1 0 -1 4 -1 0
 0 0 0 0 0 -1 0 -1 4 -1
 0 0 0 0 0 0 -1 0 -1 4


# name: x0
# type: matrix
# rows: 10
# columns: 1
 0
 0
 0
 0
 0
 0
 0
 0
 0
 0


# name: b
# type: matrix
# rows: 10
# columns: 1
 1
 0.5
 0.3333333333333333
 0.25
 0.2
 0.1666666666666667
 0.1428571428571428
 0.125
 0.1111111111111111
 0.1


