Teste 1-b)
x =

   0.999999999998562
   0.999999999997881
   0.999999999997328
   0.999999999996472
   0.999999999995758
   0.999999999995111
   0.999999999994420
   0.999999999993772
   0.999999999993165
   0.999999999992573
   0.999999999992015
   0.999999999991493
   0.999999999991003
   0.999999999990549
   0.999999999990133
   0.999999999989755
   0.999999999989417
   0.999999999989120
   0.999999999988864
   0.999999999988650
   0.999999999988479
   0.999999999988350
   0.999999999988264
   0.999999999988221
   0.999999999988222
   0.999999999988264
   0.999999999988349
   0.999999999988475
   0.999999999988641
   0.999999999988848
   0.999999999989093
   0.999999999989376
   0.999999999989695
   0.999999999990049
   0.999999999990436
   0.999999999990855
   0.999999999991303
   0.999999999991781
   0.999999999992285
   0.999999999992810
   0.999999999993361
   0.999999999993934
   0.999999999994513
   0.999999999995119
   0.999999999995755
   0.999999999996343
   0.999999999996982
   0.999999999997729
   0.999999999998212
   0.999999999998799

Teste 2-b)
x =

   1.000000000000000
   1.000000000000000
   1.000000000000000
   1.000000000000000
   1.000000000000000
   1.000000000000000
   0.999999999999999
   0.999999999999999
   0.999999999999999
   0.999999999999999
   0.999999999999999
   0.999999999999999
   0.999999999999999
   0.999999999999999
   0.999999999999999
   0.999999999999999
   0.999999999999999
   0.999999999999999
   0.999999999999999
   0.999999999999999
   0.999999999999998
   0.999999999999998
   0.999999999999998
   0.999999999999998
   0.999999999999998
   0.999999999999998
   0.999999999999998
   0.999999999999998
   0.999999999999998
   0.999999999999998
   0.999999999999998
   0.999999999999998
   0.999999999999998
   0.999999999999997
   0.999999999999997
   0.999999999999997
   0.999999999999997
   0.999999999999997
   0.999999999999997
   0.999999999999997
   0.999999999999997
   0.999999999999997
   0.999999999999997
   0.999999999999997
   0.999999999999997
   0.999999999999997
   0.999999999999997
   0.999999999999997
   0.999999999999996
   0.999999999999996
   0.999999999999996
   0.999999999999996
   0.999999999999997
   0.999999999999997
   0.999999999999997
   0.999999999999997
   0.999999999999997
   0.999999999999997
   0.999999999999997
   0.999999999999997
   0.999999999999997
   0.999999999999997
   0.999999999999997
   0.999999999999997
   0.999999999999997
   0.999999999999997
   0.999999999999997
   0.999999999999998
   0.999999999999998
   0.999999999999998
   0.999999999999998
   0.999999999999998
   0.999999999999998
   0.999999999999998
   0.999999999999998
   0.999999999999998
   0.999999999999998
   0.999999999999998
   0.999999999999998
   0.999999999999998
   0.999999999999999
   0.999999999999999
   0.999999999999999
   0.999999999999999
   0.999999999999999
   0.999999999999999
   0.999999999999999
   0.999999999999999
   0.999999999999999
   0.999999999999999
   0.999999999999999
   0.999999999999999
   0.999999999999999
   0.999999999999999
   1.000000000000000
   1.000000000000000
   1.000000000000000
   1.000000000000000
   1.000000000000000
   1.000000000000000

Teste 1-c)
x =

   0.918744817854813
   1.104596571852803
   1.232587496195422
   1.570382699566450
   1.767053973360978
   1.922037380029102
   2.113144510854585
   2.271199241995557
   2.408696873038754
   2.546101578970092
   2.670901610727911
   2.784338180049156
   2.891663321259118
   2.991058350987747
   3.082757581837507
   3.168232098106402
   3.247482318697882
   3.320735031540059
   3.388525170631099
   3.451080264745557
   3.508619499438191
   3.561421709185012
   3.609694070215058
   3.653621944663088
   3.693393551001157
   3.729174101397007
   3.761113991331282
   3.789356448759519
   3.814033254578995
   3.835266433468476
   3.853170712412357
   3.867853276070288
   3.879414442217936
   3.887948626835017
   3.893544695071866
   3.896286402194931
   3.896252892932026
   3.893519046615799
   3.888155800780122
   3.880230469055330
   3.869807008205499
   3.856946259613403
   3.841706174303672
   3.824142013635024
   3.804306531354797
   3.782250140957443
   3.758021067948857
   3.731665488991096
   3.703227659787663
   3.672750032467187
   3.640273363539734
   3.605836813469621
   3.569478038592495
   3.531233276093777
   3.491137422727824
   3.449224107811094
   3.405525760996535
   3.360073675354985
   3.312898066070379
   3.264028125077161
   3.213492072314859
   3.161317203495905
   3.107529934260204
   3.052155842708434
   2.995219709080112
   2.936745549886301
   2.876756655178561
   2.815275624845194
   2.752324385874811
   2.687924230139990
   2.622095866894353
   2.554859385004569
   2.486234298326524
   2.416239720545404
   2.344894100033701
   2.272215227479146
   2.198221103413527
   2.122928733772351
   2.046353513405992
   1.968513718870194
   1.889425705415671
   1.809098145654175
   1.727554553245586
   1.644816544353620
   1.560863688598231
   1.475741611333272
   1.389517468250231
   1.302033747169505
   1.213402828262294
   1.123983717270964
   1.032987367203626
   0.940616282219258
   0.848916094256592
   0.754326711165769
   0.656289273937130
   0.565984978198335
   0.468475811393385
   0.353702808375684
   0.279842066539567
   0.189579469483238

